17.74 88.08
33.74 88.08
34.26 88.01
34.74 87.81
35.16 87.49
35.47 87.08
35.67 86.60
35.74 86.08
35.74 27.84
35.67 27.32
35.47 26.84
35.16 26.42
34.74 26.11
34.26 25.91
33.74 25.84
-27.26 25.84
-27.78 25.91
-28.26 26.11
-28.67 26.42
-28.99 26.84
-29.19 27.32
-29.26 27.84
-29.26 62.08
-29.19 62.60
-28.99 63.08
-28.67 63.49
-28.26 63.81
-27.78 64.01
-27.26 64.08
-2.26 64.08
-1.74 64.15
-1.26 64.35
-0.84 64.67
-0.53 65.08
-0.33 65.56
-0.26 66.08
-0.26 86.08
-0.19 86.60
0.01 87.08
0.33 87.49
0.74 87.81
1.22 88.01
1.74 88.08
17.74 88.08
