-56.14 -3.68
-56.14 9.67
-56.10 9.93
-56.00 10.17
-55.85 10.38
-55.64 10.54
-55.40 10.64
-55.14 10.67
-43.89 10.67
-43.63 10.71
-43.39 10.81
-43.18 10.96
-43.02 11.17
-42.92 11.41
-42.89 11.67
-42.89 22.67
-42.85 22.93
-42.75 23.17
-42.60 23.38
-42.39 23.54
-42.15 23.64
-41.89 23.67
-34.39 23.67
-34.13 23.64
-33.89 23.54
-33.68 23.38
-33.52 23.17
-33.42 22.93
-33.39 22.67
-33.39 19.40
-33.40 19.23
-33.45 19.06
-33.52 18.90
-33.62 18.76
-33.75 18.64
-33.89 18.54
-33.89 18.54
-34.29 18.09
-34.37 17.50
-34.10 16.96
-33.56 16.69
-32.97 16.77
-32.52 17.17
-32.42 17.31
-32.30 17.44
-32.16 17.54
-32.00 17.61
-31.83 17.66
-31.66 17.67
5.38 17.67
5.55 17.66
5.72 17.61
5.88 17.54
6.02 17.44
6.15 17.31
6.25 17.17
6.25 17.17
6.69 16.77
7.29 16.69
7.82 16.96
8.10 17.50
8.02 18.09
7.61 18.54
7.47 18.64
7.35 18.76
7.25 18.90
7.17 19.06
7.13 19.23
7.11 19.40
7.11 22.67
7.15 22.93
7.25 23.17
7.40 23.38
7.61 23.54
7.85 23.64
8.11 23.67
15.61 23.67
15.87 23.64
16.11 23.54
16.32 23.38
16.48 23.17
16.58 22.93
16.61 22.67
16.61 19.40
16.60 19.23
16.55 19.06
16.48 18.90
16.38 18.76
16.25 18.64
16.11 18.54
16.11 18.54
15.71 18.09
15.63 17.50
15.90 16.96
16.44 16.69
17.03 16.77
17.48 17.17
17.58 17.31
17.70 17.44
17.84 17.54
18.00 17.61
18.17 17.66
18.34 17.67
27.86 17.67
28.12 17.64
28.36 17.54
28.57 17.38
28.73 17.17
28.83 16.93
28.86 16.67
28.86 -24.03
28.83 -24.29
28.73 -24.53
28.57 -24.74
28.36 -24.89
28.12 -24.99
27.86 -25.03
18.34 -25.03
18.17 -25.01
18.00 -24.97
17.84 -24.89
17.70 -24.79
17.58 -24.67
17.48 -24.53
17.48 -24.53
17.03 -24.12
16.44 -24.04
15.90 -24.32
15.63 -24.85
15.71 -25.45
16.11 -25.89
16.25 -25.99
16.38 -26.12
16.48 -26.26
16.55 -26.42
16.60 -26.59
16.61 -26.76
16.61 -30.03
16.58 -30.29
16.48 -30.53
16.32 -30.74
16.11 -30.89
15.87 -30.99
15.61 -31.03
8.11 -31.03
7.85 -30.99
7.61 -30.89
7.40 -30.74
7.25 -30.53
7.15 -30.29
7.11 -30.03
7.11 -26.76
7.13 -26.59
7.17 -26.42
7.25 -26.26
7.35 -26.12
7.47 -25.99
7.61 -25.89
7.61 -25.89
8.02 -25.45
8.10 -24.85
7.82 -24.32
7.29 -24.04
6.69 -24.12
6.25 -24.53
6.15 -24.67
6.02 -24.79
5.88 -24.89
5.72 -24.97
5.55 -25.01
5.38 -25.03
-31.66 -25.03
-31.83 -25.01
-32.00 -24.97
-32.16 -24.89
-32.30 -24.79
-32.42 -24.67
-32.52 -24.53
-32.52 -24.53
-32.97 -24.12
-33.56 -24.04
-34.10 -24.32
-34.37 -24.85
-34.29 -25.45
-33.89 -25.89
-33.75 -25.99
-33.62 -26.12
-33.52 -26.26
-33.45 -26.42
-33.40 -26.59
-33.39 -26.76
-33.39 -30.03
-33.42 -30.29
-33.52 -30.53
-33.68 -30.74
-33.89 -30.89
-34.13 -30.99
-34.39 -31.03
-41.89 -31.03
-42.15 -30.99
-42.39 -30.89
-42.60 -30.74
-42.75 -30.53
-42.85 -30.29
-42.89 -30.03
-42.89 -19.03
-42.92 -18.77
-43.02 -18.53
-43.18 -18.32
-43.39 -18.16
-43.63 -18.06
-43.89 -18.03
-55.14 -18.03
-55.40 -17.99
-55.64 -17.89
-55.85 -17.74
-56.00 -17.53
-56.10 -17.29
-56.14 -17.03
-56.14 -3.68