393.74 24.79
383.04 22.04
380.80 21.93
378.70 22.73
377.10 24.30
376.25 26.38
376.31 28.62
377.26 30.66
377.26 30.66
377.50 30.98
377.75 31.31
378.00 31.63
378.25 31.95
378.50 32.27
378.75 32.59
378.75 32.59
379.18 32.91
379.72 32.95
380.20 32.72
380.49 32.27
380.50 31.73
380.24 31.26
380.24 31.26
379.98 30.82
379.98 30.30
380.24 29.86
380.69 29.60
381.20 29.60
381.65 29.86
390.13 38.34
390.14 38.35
390.15 38.36
390.17 38.38
390.18 38.39
390.20 38.40
390.21 38.41
390.21 38.41
390.83 38.80
391.45 39.18
392.08 39.56
392.70 39.94
393.34 40.30
393.97 40.67
393.97 40.67
394.41 40.79
394.87 40.71
395.23 40.43
395.44 40.02
395.44 39.56
395.23 39.15
395.23 39.15
395.11 38.93
395.09 38.68
395.18 38.45
395.35 38.27
395.58 38.17
395.83 38.18
395.83 38.18
411.88 39.21
427.24 34.43
439.87 24.47
448.11 10.66
450.86 -5.19
447.76 -20.97
447.76 -20.97
447.75 -21.00
447.73 -21.03
447.71 -21.06
447.69 -21.09
447.67 -21.12
447.65 -21.14
437.67 -31.12
437.59 -31.22
437.54 -31.34
437.53 -31.47
437.54 -31.60
437.59 -31.72
437.67 -31.83
440.86 -35.01
440.94 -35.11
440.99 -35.23
441.00 -35.36
440.99 -35.49
440.94 -35.61
440.86 -35.71
437.92 -38.65
437.15 -39.30
436.28 -39.82
435.34 -40.18
434.35 -40.37
433.34 -40.40
432.34 -40.26
431.26 -40.01
430.03 -39.56
428.96 -38.80
428.13 -37.79
427.59 -36.60
427.37 -35.31
427.50 -34.00
430.93 -19.32
430.94 -19.29
430.95 -19.26
430.96 -19.23
430.97 -19.20
430.99 -19.17
431.01 -19.14
431.01 -19.14
432.67 -16.45
434.00 -13.58
434.96 -10.56
435.54 -7.44
435.74 -4.28
435.54 -1.12
435.54 -1.12
435.51 -1.00
435.45 -0.90
435.37 -0.80
435.27 -0.74
435.15 -0.70
435.03 -0.68
435.03 -0.68
433.92 -0.51
432.96 0.07
432.27 0.95
431.96 2.03
432.06 3.14
432.57 4.14
432.57 4.14
432.62 4.22
432.65 4.31
432.67 4.40
432.67 4.50
432.65 4.59
432.62 4.68
425.87 17.90
423.53 21.42
420.48 24.33
416.84 26.49
412.82 27.78
408.62 28.14
404.43 27.55
393.74 24.80
