333.24 -15.98
333.24 2.34
333.28 2.99
333.41 3.63
333.62 4.25
333.91 4.84
334.27 5.38
334.70 5.87
373.49 44.66
373.98 45.09
374.52 45.45
375.11 45.74
375.73 45.95
376.37 46.08
377.02 46.12
429.45 46.12
430.10 46.08
430.74 45.95
431.36 45.74
431.95 45.45
432.49 45.09
432.99 44.66
490.16 -12.51
490.59 -13.01
490.96 -13.55
491.24 -14.14
491.46 -14.76
491.58 -15.40
491.63 -16.05
491.62 -18.30
491.45 -19.59
490.95 -20.80
490.16 -21.84
489.12 -22.63
487.92 -23.13
486.62 -23.30
415.23 -23.30
414.88 -23.29
414.54 -23.25
414.21 -23.19
413.87 -23.11
413.55 -23.01
413.23 -22.88
413.23 -22.88
397.06 -21.57
383.50 -30.46
378.24 -45.80
383.50 -61.14
397.06 -70.03
413.23 -68.72
413.23 -68.72
413.55 -68.59
413.87 -68.49
414.21 -68.40
414.54 -68.35
414.88 -68.31
415.23 -68.30
486.62 -68.30
487.92 -68.47
489.12 -68.97
490.16 -69.76
490.95 -70.80
491.45 -72.00
491.62 -73.30
491.62 -75.55
491.58 -76.20
491.45 -76.84
491.24 -77.46
490.95 -78.05
490.59 -78.59
490.16 -79.08
454.91 -114.33
454.42 -114.77
453.87 -115.13
453.29 -115.42
452.67 -115.63
452.03 -115.76
451.37 -115.80
414.74 -115.80
413.70 -115.66
412.74 -115.26
411.91 -114.63
411.27 -113.80
410.87 -112.83
410.74 -111.80
410.60 -110.76
410.20 -109.80
409.57 -108.97
408.74 -108.33
407.77 -107.94
406.74 -107.80
399.74 -107.80
398.70 -107.94
397.74 -108.33
396.91 -108.97
396.27 -109.80
395.87 -110.76
395.74 -111.80
395.60 -112.83
395.20 -113.80
394.57 -114.63
393.74 -115.26
392.77 -115.66
391.74 -115.80
383.74 -115.80
383.61 -115.82
383.49 -115.87
383.38 -115.95
383.30 -116.05
383.25 -116.17
383.24 -116.30
383.24 -129.19
383.07 -130.48
382.57 -131.69
381.77 -132.72
380.74 -133.52
379.53 -134.02
378.24 -134.19
373.49 -134.19
372.84 -134.14
372.19 -134.02
371.57 -133.81
370.99 -133.52
370.44 -133.15
369.95 -132.72
316.31 -79.08
315.88 -78.59
315.52 -78.05
315.23 -77.46
315.02 -76.84
314.89 -76.20
314.85 -75.55
314.85 -70.80
315.02 -69.50
315.52 -68.30
316.31 -67.26
317.35 -66.47
318.55 -65.97
319.85 -65.80
332.74 -65.80
332.87 -65.78
332.99 -65.73
333.09 -65.65
333.17 -65.55
333.22 -65.43
333.24 -65.30
333.24 -57.30
333.37 -56.26
333.77 -55.30
334.41 -54.47
335.24 -53.83
336.20 -53.43
337.24 -53.30
338.27 -53.16
339.24 -52.76
340.06 -52.13
340.70 -51.30
341.10 -50.33
341.24 -49.30
341.24 -42.30
341.10 -41.26
340.70 -40.30
340.06 -39.47
339.24 -38.83
338.27 -38.43
337.24 -38.30
336.20 -38.16
335.24 -37.76
334.41 -37.13
333.77 -36.30
333.37 -35.33
333.24 -34.30
333.24 -15.98
