-28.16 188.11
-28.16 -51.89
-28.33 -53.18
-28.83 -54.39
-29.63 -55.42
-30.66 -56.22
-31.87 -56.72
-33.16 -56.89
-53.06 -56.89
-54.35 -56.72
-55.56 -56.22
-56.60 -55.42
-57.39 -54.39
-57.89 -53.18
-58.06 -51.89
-58.06 81.96
-58.06 81.98
-58.06 81.99
-58.06 82.00
-58.06 82.02
-58.07 82.03
-58.07 82.05
-58.07 82.05
-62.55 99.68
-70.01 116.28
-80.23 131.34
-92.89 144.41
-107.62 155.10
-123.97 163.08
-123.97 163.08
-124.00 163.09
-124.03 163.10
-124.06 163.10
-124.09 163.11
-124.12 163.11
-124.15 163.11
-154.06 163.11
-155.36 163.28
-156.56 163.78
-157.60 164.58
-158.39 165.61
-158.89 166.82
-159.06 168.11
-159.06 244.03
-158.89 245.32
-158.39 246.53
-157.60 247.56
-156.56 248.36
-155.36 248.86
-154.06 249.03
222.85 249.03
224.15 248.86
225.35 248.36
226.39 247.56
227.18 246.53
227.68 245.32
227.85 244.03
227.85 200.03
227.68 198.73
227.18 197.53
226.39 196.49
225.35 195.70
224.15 195.20
222.85 195.03
-16.65 195.03
-16.78 195.04
-16.90 195.09
-17.00 195.17
-17.08 195.28
-17.13 195.40
-17.15 195.53
-17.15 208.53
-17.16 208.66
-17.21 208.78
-17.29 208.88
-17.40 208.96
-17.52 209.01
-17.65 209.03
-37.56 209.03
-37.69 209.01
-37.81 208.96
-37.92 208.88
-37.99 208.78
-38.04 208.66
-38.06 208.53
-38.06 188.61
-38.04 188.48
-37.99 188.36
-37.92 188.26
-37.81 188.18
-37.69 188.13
-37.56 188.11
-28.16 188.11
