87.65 -78.17
-62.14 -78.17
-62.21 -78.17
-62.27 -78.18
-62.33 -78.20
-62.39 -78.23
-62.45 -78.27
-62.49 -78.31
-159.21 -175.03
-159.32 -175.11
-159.44 -175.16
-159.57 -175.18
-159.69 -175.16
-159.82 -175.11
-159.92 -175.03
-171.85 -163.10
-171.91 -163.03
-171.95 -162.95
-171.98 -162.86
-171.99 -162.77
-171.99 -162.68
-171.97 -162.59
-123.34 -16.67
-123.33 -16.66
-123.33 -16.65
-123.33 -16.65
-123.33 -16.64
-123.32 -16.63
-123.32 -16.62
-110.91 44.22
-110.87 44.33
-110.82 44.42
-110.74 44.50
-110.64 44.57
-110.53 44.60
-110.42 44.62
185.23 44.62
185.29 44.61
185.36 44.60
185.42 44.58
185.48 44.55
185.53 44.51
185.58 44.47
197.58 32.47
197.66 32.37
197.71 32.25
197.73 32.12
197.71 31.99
197.66 31.87
197.58 31.76
87.65 -78.17
